1 20 47 1 1 20 69 4 1 17 83 6 1 16 73 14 1 3 94 18 1 20 53 0 1 5 73 9 1 2 86 11 1 13 44 0 1 11 75 19 1 7 37 4 1 15 81 3 1 20 56 18 1 16 28 16 1 5 3 14 1 1 48 3 1 15 98 7 1 10 83 3 1 10 85 1 1 11 44 14 1 20 54 2 1 8 71 17 1 2 96 13 1 8 53 18 1 11 26 7
2 9 99 7 2 17 8 11 2 18 81 9 2 12 9 4 2 14 91 17 2 5 36 8 2 12 56 3 2 8 91 6 2 3 55 18 2 20 45 1 2 7 64 15 2 20 63 6 2 1 94 5 2 11 86 7 2 18 59 8 2 2 20 9 2 19 41 6 2 15 61 3 2 5 77 15 2 20 57 9 2 10 60 4 2 5 4 19 2 19 89 17 2 15 62 15 2 3 65 10
3 20 65 7 3 12 86 18 3 7 23 8 3 5 42 0 3 4 9 2 3 12 82 6 3 9 32 1 3 12 90 14 3 17 50 18 3 8 60 8 3 15 69 17 3 7 55 5 3 14 63 12 3 2 79 12 3 5 23 5 3 7 62 8 3 11 11 6 3 17 2 14 3 10 36 14 3 18 27 8 3 12 84 6 3 4 67 8 3 4 87 15 3 17 26 8 3 3 41 13
4 3 18 9 4 11 79 7 4 2 88 12 4 19 59 16 4 12 96 1 4 12 7 5 4 14 87 4 4 11 73 7 4 10 8 1 4 18 97 16 4 19 48 18 4 9 34 13 4 14 6 15 4 18 44 9 4 10 63 6 4 4 1 6 4 10 71 3 4 17 47 3 4 6 55 19 4 9 5 0 4 6 70 1 4 6 88 3 4 17 94 10 4 1 36 18 4 19 98 15
5 18 2 13 5 9 3 3 5 3 74 6 5 7 85 17 5 7 53 7 5 2 97 18 5 4 74 16 5 5 75 3 5 9 91 5 5 20 6 0 5 7 70 15 5 2 39 3 5 17 78 19 5 7 99 4 5 1 37 11 5 4 58 7 5 19 72 12 5 11 68 1 5 4 63 3 5 20 95 3 5 1 60 10 5 19 18 2 5 14 61 6 5 3 48 10 5 8 79 9
6 19 42 19 6 5 99 12 6 15 15 2 6 9 23 16 6 9 78 0 6 3 43 6 6 20 36 12 6 16 39 8 6 8 31 18 6 1 78 11 6 17 4 0 6 8 75 19 6 2 15 9 6 9 46 18 6 18 13 18 6 20 5 16 6 7 25 17 6 12 86 12 6 11 80 8 6 9 50 17 6 12 65 14 6 18 9 18 6 14 3 7 6 7 86 2 6 10 22 10
7 18 14 9 7 1 69 4 7 15 72 18 7 9 70 12 7 20 31 16 7 7 4 18 7 16 36 10 7 7 59 16 7 12 13 12 7 10 8 10 7 17 9 16 7 8 74 15 7 14 67 0 7 13 49 5 7 8 25 12 7 2 10 18 7 16 53 18 7 12 75 8 7 20 78 17 7 19 51 8 7 19 98 4 7 17 27 9 7 14 43 16 7 15 59 4 7 11 94 4
8 18 56 3 8 12 37 13 8 20 74 12 8 14 55 15 8 19 46 6 8 15 22 1 8 7 66 17 8 19 84 15 8 2 30 4 8 15 51 5 8 14 58 0 8 14 87 19 8 13 48 12 8 1 70 10 8 13 52 19 8 18 27 8 8 3 38 18 8 2 50 5 8 6 90 5 8 20 12 2 8 18 69 10 8 15 68 11 8 14 13 6 8 17 54 11 8 6 25 7
9 17 1 8 9 8 51 13 9 8 10 9 9 2 61 15 9 1 52 19 9 19 38 8 9 10 7 6 9 10 13 10 9 14 26 7 9 9 44 6 9 14 34 15 9 10 46 18 9 3 82 9 9 8 18 15 9 6 15 2 9 17 30 7 9 4 45 11 9 13 98 8 9 14 9 18 9 20 22 15 9 13 78 1 9 1 61 9 9 3 70 1 9 16 52 14 9 19 40 10
10 17 88 17 10 3 21 18 10 9 5 16 10 18 63 4 10 12 32 19 10 14 50 17 10 10 56 11 10 12 38 6 10 2 53 17 10 16 53 7 10 1 87 19 10 18 72 13 10 8 65 14 10 1 55 3 10 20 43 2 10 15 8 10 10 13 92 13 10 13 38 0 10 14 45 3 10 5 98 2 10 14 31 2 10 20 36 18 10 11 73 0 10 17 87 1 10 11 78 17
11 3 25 9 11 16 2 6 11 1 25 2 11 3 82 14 11 17 54 2 11 19 76 4 11 20 43 1 11 6 49 16 11 5 12 11 11 5 88 14 11 6 48 5 11 5 80 9 11 1 5 3 11 18 26 7 11 14 68 16 11 5 28 6 11 7 56 17 11 3 86 15 11 18 63 7 11 13 87 11 11 7 71 18 11 2 64 1 11 4 96 16 11 19 55 1 11 19 19 14
12 11 60 4 12 11 52 2 12 8 76 14 12 4 91 1 12 13 6 3 12 4 30 5 12 16 60 12 12 9 13 3 12 20 13 10 12 20 1 18 12 13 98 19 12 16 74 3 12 10 50 7 12 1 40 1 12 7 77 18 12 4 99 13 12 8 33 14 12 9 36 4 12 11 48 10 12 15 42 7 12 2 71 6 12 15 70 3 12 1 59 7 12 8 19 9 12 4 10 7
13 14 90 18 13 9 41 5 13 6 66 1 13 8 23 17 13 15 3 4 13 13 34 15 13 5 24 1 13 17 97 18 13 1 51 12 13 14 16 14 13 1 64 16 13 8 63 9 13 1 86 2 13 9 28 1 13 9 20 9 13 8 92 5 13 18 13 14 13 6 95 6 13 5 39 11 13 17 41 5 13 19 10 11 13 9 55 10 13 3 25 12 13 11 94 10 13 14 68 3
14 1 13 4 14 9 89 10 14 20 80 16 14 9 59 4 14 20 14 13 14 8 21 14 14 17 13 9 14 6 93 7 14 5 92 9 14 11 88 17 14 14 29 0 14 11 47 10 14 19 16 7 14 14 89 3 14 17 98 17 14 15 90 16 14 17 67 1 14 20 80 15 14 20 54 14 14 9 26 15 14 11 53 9 14 18 54 4 14 2 94 14 14 18 70 16 14 12 13 18
15 6 31 8 15 4 26 13 15 9 17 4 15 12 10 4 15 6 83 10 15 17 89 10 15 11 23 18 15 3 4 0 15 3 19 0 15 3 8 7 15 3 36 15 15 13 70 13 15 13 66 15 15 9 19 8 15 8 54 15 15 9 5 0 15 12 1 8 15 1 20 12 15 7 23 15 15 16 53 4 15 19 91 2 15 7 5 10 15 12 53 0 15 20 58 7 15 17 97 11
16 2 8 12 16 2 63 12 16 18 5 16 16 15 16 4 16 7 32 9 16 15 45 15 16 9 50 1 16 5 50 18 16 9 24 15 16 5 17 13 16 4 13 16 16 20 66 15 16 14 50 14 16 19 20 7 16 19 16 14 16 19 95 10 16 6 35 5 16 6 97 15 16 15 92 19 16 13 63 9 16 9 87 17 16 13 2 2 16 9 3 11 16 8 39 3 16 16 31 12
17 6 33 1 17 11 16 17 17 9 37 16 17 1 2 14 17 14 48 18 17 20 95 10 17 9 18 19 17 11 35 5 17 3 37 13 17 3 82 15 17 13 98 0 17 8 39 7 17 14 55 3 17 7 47 15 17 18 72 11 17 20 15 0 17 8 10 15 17 8 19 12 17 5 98 12 17 20 32 4 17 12 27 4 17 18 4 14 17 8 21 13 17 13 97 4 17 19 1 1
18 6 63 17 18 11 46 12 18 20 81 6 18 10 18 2 18 9 13 6 18 11 72 12 18 1 69 10 18 1 74 3 18 8 19 15 18 11 94 1 18 18 39 16 18 17 6 1 18 2 46 2 18 13 7 17 18 6 11 0 18 1 55 15 18 13 88 11 18 4 51 5 18 11 59 6 18 13 66 14 18 9 77 12 18 9 81 0 18 1 10 18 18 19 97 9 18 11 41 18
19 3 80 5 19 3 70 4 19 4 34 7 19 4 4 2 19 5 59 9 19 14 97 16 19 10 27 4 19 19 13 16 19 8 20 4 19 16 55 13 19 15 97 17 19 3 37 8 19 3 33 18 19 19 81 3 19 1 20 1 19 16 94 4 19 11 71 16 19 18 15 10 19 9 78 14 19 6 64 0 19 3 90 13 19 3 77 5 19 17 79 12 19 20 19 18 19 14 24 1
20 1 28 1 20 1 8 18 20 15 81 15 20 16 77 9 20 17 8 17 20 16 70 15 20 3 98 12 20 17 56 3 20 10 40 16 20 14 62 14 20 8 17 8 20 15 30 10 20 15 71 17 20 13 73 11 20 9 18 7 20 18 94 13 20 2 51 17 20 13 34 1 20 6 93 8 20 16 6 2 20 11 62 1 20 19 17 16 20 3 92 12 20 14 99 1 20 4 72 8
